[2025-12-01 12:04:27] USER: HI!
[2025-12-01 12:04:28] ASSISTANT: Hello! How can I help you today?

[2025-12-01 12:04:36] USER: What tools have you access to?
[2025-12-01 12:04:37] ASSISTANT: Yes, I have the following tools:

- `get_current_datetime`: Returns the current date and time.
- `get_today_wordle_answer`: Fetches today's Wordle solution.
- `generate_sudoku`: Generates a Sudoku puzzle and its solution.
[2025-12-01 12:04:49] USER: Whats the time?
[2025-12-01 12:04:49] TOOL: get_current_datetime({}) -> 2025-12-01 12:04:49
[2025-12-01 12:04:50] ASSISTANT: It is 2025-12-01 12:04:49.
[2025-12-01 12:05:12] USER: Whats todays wordle anwser?
[2025-12-01 12:05:13] TOOL: get_today_wordle_answer({}) -> {"date":"2025-12-01","solution":"leach"}
[2025-12-01 12:05:14] ASSISTANT: Today's Wordle answer is "leach".

[2025-12-01 12:05:22] USER: Generate me a 10% filled sudoku
[2025-12-01 12:05:23] TOOL: generate_sudoku({"fill_percent": 10}) -> {"puzzle":[[0,0,4,0,0,0,0,0,3],[0,0,0,0,0,0,0,0,0],[0,0,0,0,9,0,0,0,0],[0,0,0,0,0,0,8,0,0],[8,0,0,0,0,0,0,0,0],[0,0,0,0,0,0,0,0,0],[0,0,0,0,0,0,7,0,0],[5,0,0,0,0,0,0,0,0],[0,0,0,0,0,0,2,0,0]],"solution":[[9,8,4,6,5,2,1,7,3],[6,1,3,4,8,7,5,2,9],[2,5,7,1,9,3,6,8,4],[1,9,2,3,7,4,8,6,5],[8,3,6,5,2,9,4,1,7],[7,4,5,8,6,1,3,9,2],[4,6,9,2,3,8,7,5,1],[5,2,1,7,4,6,9,3,8],[3,7,8,9,1,5,2,4,6]]}
[2025-12-01 12:05:25] ASSISTANT: OK. I have generated a 10% filled sudoku puzzle and its solution. The puzzle is: [[0,0,4,0,0,0,0,0,3],[0,0,0,0,0,0,0,0,0],[0,0,0,0,9,0,0,0,0],[0,0,0,0,0,0,8,0,0],[8,0,0,0,0,0,0,0,0],[0,0,0,0,0,0,0,0,0],[0,0,0,0,0,0,7,0,0],[5,0,0,0,0,0,0,0,0],[0,0,0,0,0,0,2,0,0]]. The solution is: [[9,8,4,6,5,2,1,7,3],[6,1,3,4,8,7,5,2,9],[2,5,7,1,9,3,6,8,4],[1,9,2,3,7,4,8,6,5],[8,3,6,5,2,9,4,1,7],[7,4,5,8,6,1,3,9,2],[4,6,9,2,3,8,7,5,1],[5,2,1,7,4,6,9,3,8],[3,7,8,9,1,5,2,4,6]].

[2025-12-01 12:05:29] USER: Generate me a 90% filled sudoku
[2025-12-01 12:05:29] TOOL: generate_sudoku({"fill_percent": 90}) -> {"puzzle":[[2,5,7,0,6,8,4,9,1],[4,3,8,0,1,9,6,5,2],[6,9,1,5,2,4,8,3,0],[5,6,2,9,4,7,3,0,8],[8,1,3,6,5,2,7,0,9],[7,4,9,1,0,3,2,6,5],[0,8,5,4,7,6,1,2,3],[3,2,4,0,9,1,5,7,6],[1,7,6,2,3,5,9,8,4]],"solution":[[2,5,7,3,6,8,4,9,1],[4,3,8,7,1,9,6,5,2],[6,9,1,5,2,4,8,3,7],[5,6,2,9,4,7,3,1,8],[8,1,3,6,5,2,7,4,9],[7,4,9,1,8,3,2,6,5],[9,8,5,4,7,6,1,2,3],[3,2,4,8,9,1,5,7,6],[1,7,6,2,3,5,9,8,4]]}
[2025-12-01 12:05:33] ASSISTANT: Here is your 90% filled Sudoku puzzle and its solution. The puzzle is represented as a list of lists, where 0 represents empty cells.

```
Puzzle:
[[2, 5, 7, 0, 6, 8, 4, 9, 1], [4, 3, 8, 0, 1, 9, 6, 5, 2], [6, 9, 1, 5, 2, 4, 8, 3, 0], [5, 6, 2, 9, 4, 7, 3, 0, 8], [8, 1, 3, 6, 5, 2, 7, 0, 9], [7, 4, 9, 1, 0, 3, 2, 6, 5], [0, 8, 5, 4, 7, 6, 1, 2, 3], [3, 2, 4, 0, 9, 1, 5, 7, 6], [1, 7, 6, 2, 3, 5, 9, 8, 4]]

Solution:
[[2, 5, 7, 3, 6, 8, 4, 9, 1], [4, 3, 8, 7, 1, 9, 6, 5, 2], [6, 9, 1, 5, 2, 4, 8, 3, 7], [5, 6, 2, 9, 4, 7, 3, 1, 8], [8, 1, 3, 6, 5, 2, 7, 4, 9], [7, 4, 9, 1, 8, 3, 2, 6, 5], [9, 8, 5, 4, 7, 6, 1, 2, 3], [3, 2, 4, 8, 9, 1, 5, 7, 6], [1, 7, 6, 2, 3, 5, 9, 8, 4]]
```

[2025-12-01 12:05:36] USER: thanks
[2025-12-01 12:05:37] ASSISTANT: What can I help you with?

